$ 1 0.000005 10.20027730826997 50 5 43
196 -16 336 96 336 0
g -16 400 -16 464 0
R -208 336 -240 336 0 0 40 5 0 0 0.5
R -80 368 -112 368 0 0 40 5 0 0 0.5
162 752 400 784 400 2 default-led 1 0 0 0.01
g 784 400 800 400 0
s -208 336 -160 336 0 0 false
s -80 368 -32 368 0 1 false
s -80 304 -32 304 0 0 false
s -208 272 -160 272 0 0 false
g 784 336 800 336 0
162 752 336 784 336 2 default-led 1 0 0 0.01
R -80 304 -112 304 0 0 40 5 0 0 0.5
R -208 272 -240 272 0 0 40 5 0 0 0.5
196 80 272 192 272 0
w 80 272 -160 272 0
w 80 304 -32 304 0
w 80 400 752 400 0
w 176 336 752 336 0
w 368 208 752 208 0
w 272 272 752 272 0
w 272 176 176 176 0
w 272 144 176 144 0
196 272 144 384 144 0
R -208 144 -240 144 0 0 40 5 0 0 0.5
R -80 176 -112 176 0 0 40 5 0 0 0.5
162 752 208 784 208 2 default-led 1 0 0 0.01
g 784 208 800 208 0
s -208 144 -160 144 0 0 false
s -80 176 -32 176 0 0 false
s -80 240 -32 240 0 0 false
s -208 208 -160 208 0 0 false
g 784 272 800 272 0
162 752 272 784 272 2 default-led 1 0 0 0.01
R -80 240 -112 240 0 0 40 5 0 0 0.5
R -208 208 -240 208 0 0 40 5 0 0 0.5
196 176 208 288 208 0
w -160 144 176 144 0
w -32 176 176 176 0
w -160 208 176 208 0
w -32 240 176 240 0
162 752 -112 784 -112 2 default-led 1 0 0 0.01
g 784 -112 800 -112 0
w -32 -16 560 -16 0
w -160 -48 560 -48 0
w -32 -80 560 -80 0
w -160 -112 560 -112 0
196 560 -48 672 -48 0
R -208 -48 -240 -48 0 0 40 5 0 0 0.5
R -80 -16 -112 -16 0 0 40 5 0 0 0.5
162 752 16 784 16 2 default-led 1 0 0 0.01
g 784 16 800 16 0
s -208 -48 -160 -48 0 0 false
s -80 -16 -32 -16 0 0 false
s -80 -80 -32 -80 0 0 false
s -208 -112 -160 -112 0 0 false
g 784 -48 800 -48 0
162 752 -48 784 -48 2 default-led 1 0 0 0.01
R -80 -80 -112 -80 0 0 40 5 0 0 0.5
R -208 -112 -240 -112 0 0 40 5 0 0 0.5
196 656 -112 768 -112 0
w 656 -112 560 -112 0
w 656 -80 560 -80 0
w 656 16 752 16 0
w 560 80 752 80 0
w 464 144 752 144 0
w 464 48 -32 48 0
w 464 16 -160 16 0
196 464 16 576 16 0
R -208 16 -240 16 0 0 40 5 0 0 0.5
R -80 48 -112 48 0 0 40 5 0 0 0.5
162 752 80 784 80 2 default-led 1 0 0 0.01
g 784 80 800 80 0
s -208 16 -160 16 0 0 false
s -80 48 -32 48 0 0 false
s -80 112 -32 112 0 0 false
s -208 80 -160 80 0 0 false
g 784 144 800 144 0
162 752 144 784 144 2 default-led 1 0 0 0.01
R -80 112 -112 112 0 0 40 5 0 0 0.5
R -208 80 -240 80 0 0 40 5 0 0 0.5
196 368 80 480 80 0
w 368 80 -160 80 0
w 368 112 -32 112 0
x 834 406 847 409 4 24 1
x 831 343 844 346 4 24 2
x 828 279 841 282 4 24 4
x 829 217 842 220 4 24 8
x 818 152 844 155 4 24 16
x 822 89 848 92 4 24 32
x 820 26 846 29 4 24 64
x 814 -40 854 -37 4 24 128
x 820 -106 860 -103 4 24 256
w -16 336 -160 336 0
w -16 368 -32 368 0
b -272 -192 -149 420 0
b -144 -192 -24 422 0
b -352 320 -24 380 0
b -352 256 -28 315 0
b -352 193 -28 252 0
b -352 2 -28 61 0
b -352 65 -28 124 0
b -352 129 -24 189 0
b -352 -126 -28 -67 0
b -352 -62 -24 -2 0
x -342 -92 -302 -89 4 24 128
x -336 -26 -310 -23 4 24 64
x -334 37 -308 40 4 24 32
x -338 100 -312 103 4 24 16
x -327 165 -314 168 4 24 8
x -328 227 -315 230 4 24 4
x -325 291 -312 294 4 24 2
x -322 354 -309 357 4 24 1
x -266 -151 -158 -148 4 24 Number\sA
x -139 -149 -31 -146 4 24 Number\sB
b 746 -183 870 416 0
x 771 -147 843 -144 4 24 Output
x 183 -200 420 -197 4 48 8\sBit\sAdder
w 176 -336 432 -336 0
