$ 1 0.000005 10.20027730826997 50 5 43
195 304 208 416 208 0
195 208 240 304 240 0
152 400 256 512 256 0 2 4.999999999999999 5
w 400 272 304 272 0
w 304 208 208 208 0
w 400 208 512 208 0
s 112 208 208 208 0 0 false
R 112 208 32 208 0 0 40 5 0 0 0.5
R 112 240 32 240 0 0 40 5 0 0 0.5
R 112 272 32 272 0 0 40 5 0 0 0.5
162 512 208 592 208 2 default-led 1 0 0 0.01
g 592 208 640 208 0
g 592 256 640 256 0
162 512 256 592 256 2 default-led 1 0 0 0.01
x 111 264 131 267 4 12 B\sin
x 113 199 155 202 4 12 Carry\sin
x 118 233 138 236 4 12 A\sin
x 538 185 582 188 4 12 Sum\sout
x 531 281 580 284 4 12 Carry\sout
s 112 240 208 240 0 0 false
s 112 272 208 272 0 0 false
x 277 129 386 132 4 24 Full\sAdder
