$ 1 0.000005 10.20027730826997 50 5 43
R 112 176 48 176 0 0 40 5 0 0 0.5
R 112 208 48 208 0 0 40 5 0 0 0.5
w 272 208 272 304 0
w 320 176 320 272 0
152 368 192 480 192 0 2 5 5
w 368 176 320 176 0
w 368 208 272 208 0
151 368 288 480 288 0 2 0 5
w 368 272 320 272 0
w 368 304 272 304 0
150 480 240 608 240 0 2 0 5
w 480 192 480 224 0
w 480 288 480 256 0
162 608 240 704 240 2 default-led 1 0 0 0.01
g 704 240 752 240 0
s 112 176 208 176 0 0 false
s 112 208 208 208 0 0 false
w 208 176 320 176 0
w 208 208 272 208 0
x 630 206 674 209 4 12 Sum\sout
w 272 304 272 400 0
w 320 272 320 368 0
150 368 384 480 384 0 2 4.999999999999999 5
w 320 368 368 368 0
w 272 400 368 400 0
x 631 351 680 354 4 12 Carry\sout
g 704 384 752 384 0
162 608 384 704 384 2 default-led 1 0 0 0.01
w 608 384 480 384 0
x 367 126 480 129 4 24 Half\sAdder
