$ 1 0.000005 10.20027730826997 50 5 43
w -48 400 -48 464 0
w -48 336 -48 400 0
150 -48 480 32 480 0 2 0 5
150 -48 320 32 320 0 2 0 5
x 289 471 307 474 6 24 Q
x 290 343 308 346 4 24 Q
x -322 502 -272 505 4 24 Data
g 224 336 256 336 0
162 176 336 224 336 2 default-led 1 0 0 0.01
162 176 464 224 464 2 default-led 1 0 0 0.01
g 224 464 256 464 0
s -192 496 -128 496 0 0 false
R -192 496 -240 496 0 0 40 5 0 0 0.5
w 176 384 32 416 0
w 176 416 176 464 0
w 176 336 176 384 0
w 32 416 32 448 0
w 32 384 176 416 0
w 32 352 32 384 0
153 32 464 176 464 0 2 0 5
153 32 336 176 336 0 2 5 5
w -128 416 -128 304 0
w -128 304 -48 304 0
w -48 496 -128 496 0
I -128 496 -128 416 0 0.5 5
I -128 768 -128 688 0 0.5 5
w -48 768 -128 768 0
w -128 576 -48 576 0
w -128 688 -128 576 0
153 32 608 176 608 0 2 4.999999999999999 5
153 32 736 176 736 0 2 0 5
w 32 624 32 656 0
w 32 656 176 688 0
w 32 688 32 720 0
w 176 608 176 656 0
w 176 688 176 736 0
w 176 656 32 688 0
R -192 768 -240 768 0 0 40 5 0 0 0.5
s -192 768 -128 768 0 0 false
g 224 736 256 736 0
162 176 736 224 736 2 default-led 1 0 0 0.01
162 176 608 224 608 2 default-led 1 0 0 0.01
g 224 608 256 608 0
x -322 774 -272 777 4 24 Data
x 290 615 308 618 4 24 Q
x 289 743 307 746 6 24 Q
150 -48 592 32 592 0 2 0 5
150 -48 752 32 752 0 2 0 5
w -48 608 -48 672 0
s -432 560 -368 560 0 1 false
R -432 560 -512 560 0 0 40 5 0 0 0.5
w -48 672 -48 736 0
x -616 566 -556 569 4 24 Clock
w -48 400 -368 400 0
w -368 400 -368 560 0
w -48 672 -368 672 0
w -368 672 -368 560 0
x -6 244 96 247 4 24 2\sbit\slatch
