$ 1 0.000005 10.20027730826997 50 5 43
w -176 400 -176 464 0
w -176 336 -176 400 0
150 -176 480 -96 480 0 2 0 5
150 -176 320 -96 320 0 2 0 5
x 289 471 307 474 6 24 Q
x 290 343 308 346 4 24 Q
x -450 502 -400 505 4 24 Data
g 224 336 256 336 0
162 176 336 224 336 2 default-led 1 0 0 0.01
162 176 464 224 464 2 default-led 1 0 0 0.01
g 224 464 256 464 0
s -320 496 -256 496 0 0 false
R -320 496 -368 496 0 0 40 5 0 0 0.5
w 176 384 32 416 0
w 176 416 176 464 0
w 176 336 176 384 0
w 32 416 32 448 0
w 32 384 176 416 0
w 32 352 32 384 0
153 32 464 176 464 0 2 5 5
153 32 336 176 336 0 2 0 5
w -256 416 -256 304 0
w -256 304 -176 304 0
w -176 496 -256 496 0
I -256 496 -256 416 0 0.5 5
I -256 768 -256 688 0 0.5 5
w -176 768 -256 768 0
w -256 576 -176 576 0
w -256 688 -256 576 0
153 32 608 176 608 0 2 0 5
153 32 736 176 736 0 2 4.999999999999999 5
w 32 624 32 656 0
w 32 656 176 688 0
w 32 688 32 720 0
w 176 608 176 656 0
w 176 688 176 736 0
w 176 656 32 688 0
R -320 768 -368 768 0 0 40 5 0 0 0.5
s -320 768 -256 768 0 0 false
g 224 736 256 736 0
162 176 736 224 736 2 default-led 1 0 0 0.01
162 176 608 224 608 2 default-led 1 0 0 0.01
g 224 608 256 608 0
x -450 774 -400 777 4 24 Data
x 290 615 308 618 4 24 Q
x 289 743 307 746 6 24 Q
150 -176 592 -96 592 0 2 0 5
150 -176 752 -96 752 0 2 0 5
w -176 608 -176 672 0
s -560 560 -496 560 0 1 false
R -560 560 -640 560 0 0 40 5 0 0 0.5
w -176 672 -176 736 0
x -744 566 -704 569 4 24 add
w -176 400 -496 400 0
w -496 400 -496 560 0
w -176 672 -496 672 0
w -496 672 -496 560 0
x -269 173 -59 176 4 24 2\sbit\slatch\swith\sclear
152 -96 304 32 304 0 2 5 5
w 32 304 32 320 0
w -96 288 -96 256 0
w -96 256 -464 256 0
152 -96 576 32 576 0 2 5 5
w 32 576 32 592 0
w -96 560 -96 544 0
w -96 544 -464 544 0
w -464 544 -464 256 0
x -712 262 -655 265 4 24 Clear
R -528 256 -608 256 0 0 40 5 0 0 0.5
s -528 256 -464 256 0 0 false
w -96 480 32 480 0
w -96 752 32 752 0
