$ 1 0.000005 10.20027730826997 50 5 43
155 112 256 288 256 0 4.999999999999999
s -16 288 64 288 0 1 false
R -16 288 -80 288 0 0 40 5 0 0 0.5
w 208 320 224 320 0
w 224 288 224 224 0
w 224 224 112 224 0
w 112 224 112 256 0
w 208 256 208 160 0
w 112 288 64 288 0
I 64 288 64 160 0 0.5 5
162 64 160 64 96 2 default-led 1 0 0 0.01
g 64 96 64 64 0
g 208 96 208 64 0
162 208 160 208 96 2 default-led 1 0 0 0.01
w 352 256 352 160 0
w 256 224 256 256 0
w 368 224 256 224 0
w 352 320 368 320 0
155 256 256 432 256 0 0
162 352 160 352 96 2 default-led 1 0 0 0.01
g 352 96 352 64 0
w 256 288 224 288 0
w 224 288 224 320 0
w 368 288 368 320 0
w 400 288 368 288 0
w 368 288 368 224 0
w 512 288 512 224 0
w 544 288 512 288 0
w 512 288 512 320 0
g 496 96 496 64 0
162 496 160 496 96 2 default-led 1 0 0 0.01
155 400 256 576 256 0 4.999999999999999
w 496 320 512 320 0
w 512 224 400 224 0
w 400 224 400 256 0
w 496 256 496 160 0
x 205 4 418 7 4 24 4-bit\sRipple\sCounter
x 31 137 44 140 4 24 1
x 171 134 184 137 4 24 2
x 319 135 332 138 4 24 4
x 456 137 469 140 4 24 8
