$ 1 0.000005 10.20027730826997 50 5 43
w 272 176 272 96 0
w 0 96 0 144 0
w 272 176 320 176 0
w 144 192 144 224 0
w 144 224 0 224 0
s -64 176 0 176 0 1 false
s -64 224 0 224 0 1 false
R -64 176 -112 176 0 0 40 5 0 0 0.5
R -64 224 -112 224 0 0 40 5 0 0 0.5
s 0 96 272 96 0 0 false
162 320 176 368 176 2 default-led 1 0 0 0.01
g 368 176 400 176 0
153 0 160 144 160 0 2 5 5
153 144 176 272 176 0 2 0 5
x 99 43 183 46 4 24 Flip\sflop
153 48 336 192 336 0 2 4.999999999999999 5
153 48 464 192 464 0 2 0 5
w 48 352 48 384 0
w 48 384 192 416 0
w 48 416 48 448 0
w 192 336 192 384 0
w 192 416 192 464 0
w 192 384 48 416 0
R -16 480 -64 480 0 0 40 5 0 0 0.5
R -16 320 -64 320 0 0 40 5 0 0 0.5
s -16 480 48 480 0 1 false
s -16 320 48 320 0 1 false
g 240 464 272 464 0
162 192 464 240 464 2 default-led 1 0 0 0.01
162 192 336 240 336 2 default-led 1 0 0 0.01
g 240 336 272 336 0
x 5 302 22 305 4 24 R
x 8 459 24 462 4 24 S
x 231 321 249 324 4 24 Q
x 233 447 251 450 6 24 Q
x 382 289 447 292 4 24 Inputs
x 542 289 626 292 4 24 Outputs
x 439 335 456 338 4 24 R
x 370 335 386 338 4 24 S
x 371 379 384 382 4 24 1
x 442 381 455 384 4 24 0
x 444 423 457 426 4 24 1
x 373 421 386 424 4 24 0
x 445 463 458 466 4 24 0
x 372 464 385 467 4 24 0
x 370 507 383 510 4 24 1
x 445 506 458 509 4 24 1
x 539 337 557 340 4 24 Q
x 608 338 626 341 6 24 Q
x 536 513 652 516 4 24 Disallowed
x 545 423 558 426 4 24 0
x 616 425 629 428 4 24 1
x 614 383 627 386 4 24 0
x 543 381 556 384 4 24 1
x 612 468 630 471 6 24 Q
x 543 467 561 470 4 24 Q
b 352 240 676 537 0
b 352 304 675 352 0
b 512 240 676 536 0
b 416 304 511 537 0
b 576 304 675 537 0
x 696 467 1093 470 4 24 remain\sas\sthey\swere\sin\sprevious\sstate
