$ 1 0.000005 10.20027730826997 50 5 43
153 48 336 192 336 0 2 4.999999999999999 5
153 48 464 192 464 0 2 0 5
w 48 352 48 384 0
w 48 384 192 416 0
w 48 416 48 448 0
w 192 336 192 384 0
w 192 416 192 464 0
w 192 384 48 416 0
R -96 496 -144 496 0 0 40 5 0 0 0.5
R -96 304 -144 304 0 0 40 5 0 0 0.5
s -96 496 -32 496 0 0 false
s -96 304 -32 304 0 0 false
g 240 464 272 464 0
162 192 464 240 464 2 default-led 1 0 0 0.01
162 192 336 240 336 2 default-led 1 0 0 0.01
g 240 336 272 336 0
x -205 309 -188 312 4 24 R
x -201 504 -185 507 4 24 S
x 306 343 324 346 4 24 Q
x 305 471 323 474 6 24 Q
150 -32 320 48 320 0 2 0 5
150 -32 480 48 480 0 2 0 5
w -32 336 -32 400 0
s -96 400 -32 400 0 1 false
R -96 400 -144 400 0 0 40 5 0 0 0.5
w -32 400 -32 464 0
x -310 406 -182 409 4 24 Hold\sthat\sbit
x 49 241 177 244 4 24 Hold\sthat\sbit
x -342 678 -214 681 4 24 Hold\sthat\sbit
w -32 672 -32 736 0
R -96 672 -176 672 0 0 40 5 0 0 0.5
s -96 672 -32 672 0 1 false
w -32 608 -32 672 0
150 -32 752 48 752 0 2 0 5
150 -32 592 48 592 0 2 0 5
x 305 743 323 746 6 24 Q
x 306 615 324 618 4 24 Q
x -306 774 -256 777 4 24 Data
g 240 608 272 608 0
162 192 608 240 608 2 default-led 1 0 0 0.01
162 192 736 240 736 2 default-led 1 0 0 0.01
g 240 736 272 736 0
s -176 768 -112 768 0 0 false
R -176 768 -224 768 0 0 40 5 0 0 0.5
w 192 656 48 688 0
w 192 688 192 736 0
w 192 608 192 656 0
w 48 688 48 720 0
w 48 656 192 688 0
w 48 624 48 656 0
153 48 736 192 736 0 2 0 5
153 48 608 192 608 0 2 5 5
w -112 688 -112 576 0
w -112 576 -32 576 0
w -32 768 -112 768 0
I -112 768 -112 688 0 0.5 5
