$ 1 0.000005 10.20027730826997 50 5 43
168 -304 320 -208 320 0 4
168 -304 512 -208 512 0 4
w -304 448 -320 448 0
w -320 448 -320 640 0
w -304 640 -320 640 0
w -320 640 -320 720 0
w -304 608 -352 608 0
w -304 352 -352 352 0
w -304 320 -352 320 0
w -304 384 -352 384 0
w -304 416 -352 416 0
w -304 512 -352 512 0
w -304 544 -352 544 0
w -304 576 -352 576 0
w -160 576 -208 576 0
w -160 544 -208 544 0
w -160 512 -208 512 0
w -160 416 -208 416 0
w -160 384 -208 384 0
w -160 320 -208 320 0
w -160 352 -208 352 0
w -160 608 -208 608 0
b -336 288 -186 679 0
x -299 260 -197 263 4 24 8\sbit\slatch
R -416 320 -464 320 0 0 40 5 0 0 0.5
s -416 320 -352 320 0 0 false
s -416 352 -352 352 0 1 false
R -416 352 -464 352 0 0 40 5 0 0 0.5
R -416 416 -464 416 0 0 40 5 0 0 0.5
s -416 416 -352 416 0 1 false
s -416 384 -352 384 0 0 false
R -416 384 -464 384 0 0 40 5 0 0 0.5
R -416 576 -464 576 0 0 40 5 0 0 0.5
s -416 576 -352 576 0 1 false
s -416 608 -352 608 0 0 false
R -416 608 -464 608 0 0 40 5 0 0 0.5
R -416 544 -464 544 0 0 40 5 0 0 0.5
s -416 544 -352 544 0 0 false
s -416 512 -352 512 0 0 false
R -416 512 -464 512 0 0 40 5 0 0 0.5
162 -160 320 -96 320 2 default-led 1 0 0 0.01
g -96 320 -64 320 0
g -96 352 -64 352 0
162 -160 352 -96 352 2 default-led 1 0 0 0.01
162 -160 416 -96 416 2 default-led 1 0 0 0.01
g -96 416 -64 416 0
g -96 384 -64 384 0
162 -160 384 -96 384 2 default-led 1 0 0 0.01
162 -160 576 -96 576 2 default-led 1 0 0 0.01
g -96 576 -64 576 0
g -96 608 -64 608 0
162 -160 608 -96 608 2 default-led 1 0 0 0.01
162 -160 544 -96 544 2 default-led 1 0 0 0.01
g -96 544 -64 544 0
g -96 512 -64 512 0
162 -160 512 -96 512 2 default-led 1 0 0 0.01
s -384 720 -320 720 0 0 false
R -384 720 -432 720 0 0 40 5 0 0 0.5
x -566 489 -520 492 4 24 data
x -522 726 -472 729 4 24 write
