$ 1 0.000005 0.23988752939670982 32 5 43
b 533 -474 595 -308 0
w 560 -448 560 -416 0
x 505 -497 625 -494 6 24 INVERTER
w 576 -432 608 -432 0
R 560 -448 560 -464 0 0 40 5 0 0 0.5
w 560 -384 528 -384 0
g 560 -368 560 -352 0
b 549 -442 595 -356 0
178 560 -416 576 -416 0 1 0.2 0.0004636886792527834 0.05 1000000 0.02 20
R 560 -320 560 -336 0 0 40 5 0 0 0.5
b 533 -234 595 -68 0
w 560 -208 560 -176 0
x 505 -257 625 -254 6 24 INVERTER
w 576 -192 608 -192 0
R 560 -208 560 -224 0 0 40 5 0 0 0.5
w 560 -144 528 -144 0
g 560 -128 560 -112 0
b 549 -202 595 -116 0
178 560 -176 576 -176 0 1 0.2 0.4883007721188611 0.05 1000000 0.02 20
x 785 -316 818 -313 4 12 output
w 704 -240 704 -272 0
w 704 -400 704 -368 0
x 703 -447 753 -444 6 24 AND
b 681 -429 775 -151 0
w 768 -288 784 -288 0
g 800 -288 816 -288 0
162 784 -288 800 -288 2 default-led 1 0 0 0.01
w 768 -224 768 -288 0
w 752 -224 768 -224 0
w 752 -272 704 -272 0
w 752 -352 752 -272 0
178 704 -240 720 -240 0 1 0.2 0.000004999900001999959 0.05 1000000 0.02 20
b 693 -266 739 -180 0
g 704 -192 704 -176 0
w 704 -208 672 -208 0
w 752 -224 720 -224 0
w 752 -352 720 -352 0
R 704 -400 704 -416 0 0 40 5 0 0 0.5
w 704 -336 672 -336 0
g 704 -320 704 -304 0
b 693 -394 739 -308 0
178 704 -368 720 -368 0 1 0.2 0.24202776643539958 0.05 1000000 0.02 20
w 608 -432 672 -336 0
w 608 -192 672 -208 0
x 837 -323 859 -320 4 24 W
x 853 221 869 224 4 24 B
w 624 352 688 336 0
w 544 208 688 208 0
178 720 176 736 176 0 1 0.2 -0.00046752195601258885 0.05 1000000 0.02 20
b 709 150 755 236 0
g 720 224 720 240 0
w 720 208 688 208 0
R 720 144 720 128 0 0 40 5 0 0 0.5
w 768 192 736 192 0
w 768 320 736 320 0
w 720 336 688 336 0
g 720 352 720 368 0
b 709 278 755 364 0
178 720 304 736 304 0 1 0.2 0.000004999900001999959 0.05 1000000 0.02 20
w 768 192 768 272 0
w 768 272 720 272 0
w 768 320 784 320 0
w 784 320 784 256 0
162 800 256 816 256 2 default-led 1 0 0 0.01
g 816 256 832 256 0
w 784 256 800 256 0
b 697 115 791 393 0
x 719 97 769 100 6 24 AND
w 720 144 720 176 0
w 720 304 720 272 0
x 801 228 834 231 4 12 output
178 576 368 592 368 0 1 0.2 0.48830021197086254 0.05 1000000 0.02 20
b 565 342 611 428 0
g 576 416 576 432 0
w 576 400 544 400 0
R 576 336 576 320 0 0 40 5 0 0 0.5
w 592 352 624 352 0
x 521 287 641 290 6 24 INVERTER
w 576 336 576 368 0
b 549 310 611 476 0
x 133 285 151 288 4 24 O
w -496 400 -32 400 0
w -320 272 -32 272 0
178 0 240 16 240 0 1 0.2 -0.0004598554079184753 0.05 1000000 0.02 20
b -11 214 35 300 0
g 0 288 0 304 0
w 0 272 -32 272 0
R 0 208 0 192 0 0 40 5 0 0 0.5
w 48 256 16 256 0
w 48 384 16 384 0
w 0 400 -32 400 0
g 0 416 0 432 0
b -11 342 35 428 0
178 0 368 16 368 0 1 0.2 0.48830021197086254 0.05 1000000 0.02 20
w 48 256 48 336 0
w 48 336 0 336 0
w 48 384 64 384 0
w 64 384 64 320 0
162 80 320 96 320 2 default-led 1 0 0 0.01
g 96 320 112 320 0
w 64 320 80 320 0
b -23 179 71 457 0
x -1 161 49 164 6 24 AND
w 0 208 0 240 0
w 0 368 0 336 0
x 81 292 114 295 4 12 output
b -139 -490 -77 -324 0
w -112 -464 -112 -432 0
x -167 -513 -47 -510 6 24 INVERTER
w -96 -448 -64 -448 0
R -112 -464 -112 -480 0 0 40 5 0 0 0.5
s -560 -96 -496 -96 0 1 false
w -112 -400 -144 -400 0
R -560 -96 -624 -96 0 0 40 10 0 0 0.5
g -112 -384 -112 -368 0
b -123 -458 -77 -372 0
178 -112 -432 -96 -432 0 1 0.2 0.0004636886846782808 0.05 1000000 0.02 20
x -600 -106 -574 -103 4 12 input
s -560 144 -496 144 0 0 false
R -560 144 -624 144 0 0 40 10 0 0 0.5
x -600 134 -574 137 4 12 input
x 113 -332 146 -329 4 12 output
w 32 -256 32 -288 0
w 32 -416 32 -384 0
x 31 -463 81 -460 6 24 AND
b 9 -445 103 -167 0
w 96 -304 112 -304 0
g 128 -304 144 -304 0
162 112 -304 128 -304 2 default-led 1 0 0 0.01
w 96 -240 96 -304 0
w 80 -240 96 -240 0
w 80 -288 32 -288 0
w 80 -368 80 -288 0
178 32 -256 48 -256 0 1 0.2 0.4883007721311889 0.05 1000000 0.02 20
b 21 -282 67 -196 0
g 32 -208 32 -192 0
w 32 -224 0 -224 0
w 80 -240 48 -240 0
w 80 -368 48 -368 0
R 32 -416 32 -432 0 0 40 5 0 0 0.5
w 32 -352 0 -352 0
g 32 -336 32 -320 0
b 21 -410 67 -324 0
178 32 -384 48 -384 0 1 0.2 0.24202776643539958 0.05 1000000 0.02 20
w -64 -448 0 -352 0
w -448 -224 0 -224 0
x 165 -339 179 -336 4 24 T
w -496 -96 -496 -400 0
w -496 -400 -144 -400 0
w -448 -224 -448 144 0
w -448 144 -496 144 0
w -496 -96 432 -96 0
w 432 -96 432 -384 0
w 528 -384 432 -384 0
w 528 -144 -384 -144 0
w -384 -144 -384 144 0
w -384 144 -448 144 0
w -496 -96 -320 272 0
w -496 400 -496 144 0
w -384 144 384 144 0
w 384 144 384 400 0
w 544 400 384 400 0
w 544 208 544 48 0
w 544 48 -256 48 0
w -256 48 -496 -96 0
x 24 -600 330 -597 4 48 2-line-to-4-line
