$ 1 0.000005 0.23988752939670982 32 5 43
x 785 -540 818 -537 4 12 output
w 704 -464 704 -496 0
w 704 -624 704 -592 0
x 703 -671 753 -668 6 24 AND
b 681 -653 775 -375 0
w 768 -512 784 -512 0
g 800 -512 816 -512 0
162 784 -512 800 -512 2 default-led 1 0 0 0.01
w 768 -448 768 -512 0
w 752 -448 768 -448 0
w 752 -496 704 -496 0
w 752 -576 752 -496 0
178 704 -464 720 -464 0 1 0.2 0.5554043415419458 0.05 1000000 0.02 20
b 693 -490 739 -404 0
g 704 -416 704 -400 0
w 704 -432 672 -432 0
w 752 -448 720 -448 0
w 752 -576 720 -576 0
R 704 -624 704 -640 0 0 40 2 0 0 0.5
w 704 -560 672 -560 0
g 704 -544 704 -528 0
b 693 -618 739 -532 0
178 704 -592 720 -592 0 1 0.2 0.49833206735378044 0.05 1000000 0.02 20
x 837 -547 859 -544 4 24 W
x 837 -195 853 -192 4 24 B
178 704 -240 720 -240 0 1 0.2 -0.0003931145643237988 0.05 1000000 0.02 20
b 693 -266 739 -180 0
g 704 -192 704 -176 0
w 704 -208 672 -208 0
R 704 -272 704 -288 0 0 40 2 0 0 0.5
w 752 -224 720 -224 0
w 752 -96 720 -96 0
w 704 -80 672 -80 0
g 704 -64 704 -48 0
b 693 -138 739 -52 0
178 704 -112 720 -112 0 1 0.2 0.5554166736111428 0.05 1000000 0.02 20
w 752 -224 752 -144 0
w 752 -144 704 -144 0
w 752 -96 768 -96 0
w 768 -96 768 -160 0
162 784 -160 800 -160 2 default-led 1 0 0 0.01
g 800 -160 816 -160 0
w 768 -160 784 -160 0
b 681 -301 775 -23 0
x 703 -319 753 -316 6 24 AND
w 704 -272 704 -240 0
w 704 -112 704 -144 0
x 785 -188 818 -185 4 12 output
178 -352 336 -336 336 0 1 0.2 0 0.05 1000000 0.02 20
b -363 310 -317 396 0
g -352 384 -352 400 0
w -352 368 -384 368 0
R -352 304 -352 288 0 0 40 20 0 0 0.5
w -336 320 -304 320 0
x -407 255 -287 258 6 24 INVERTER
w -352 304 -352 336 0
b -379 278 -317 444 0
x 837 525 855 528 4 24 O
178 704 480 720 480 0 1 0.2 4.529523499061088e-18 0.05 1000000 0.02 20
b 693 454 739 540 0
g 704 528 704 544 0
w 704 512 672 512 0
R 704 448 704 432 0 0 40 2 0 0 0.5
w 752 496 720 496 0
w 752 624 720 624 0
w 704 640 672 640 0
g 704 656 704 672 0
b 693 582 739 668 0
178 704 608 720 608 0 1 0.2 0 0.05 1000000 0.02 20
w 752 496 752 576 0
w 752 576 704 576 0
w 752 624 768 624 0
w 768 624 768 560 0
162 784 560 800 560 2 default-led 1 0 0 0.01
g 800 560 816 560 0
w 768 560 784 560 0
b 681 419 775 697 0
x 703 401 753 404 6 24 AND
w 704 448 704 480 0
w 704 608 704 576 0
x 785 532 818 535 4 12 output
b -363 -266 -301 -100 0
w -336 -240 -336 -208 0
x -391 -289 -271 -286 6 24 INVERTER
w -320 -224 -288 -224 0
R -336 -240 -336 -256 0 0 40 20 0 0 0.5
s -880 -176 -640 -176 0 1 false
w -336 -176 -368 -176 0
R -880 -176 -944 -176 0 0 40 20 0 0 0.5
g -336 -160 -336 -144 0
b -347 -234 -301 -148 0
178 -336 -208 -320 -208 0 1 0.2 0.00039311456432379425 0.05 1000000 0.02 20
x -920 -186 -894 -183 4 12 input
s -896 368 -640 368 0 1 false
R -896 368 -960 368 0 0 40 20 0 0 0.5
x -936 358 -910 361 4 12 input
x 785 180 818 183 4 12 output
w 704 256 704 224 0
w 704 96 704 128 0
x 703 49 753 52 6 24 AND
b 681 67 775 345 0
w 768 208 784 208 0
g 800 208 816 208 0
162 784 208 800 208 2 default-led 1 0 0 0.01
w 768 272 768 208 0
w 752 272 768 272 0
w 752 224 704 224 0
w 752 144 752 224 0
178 704 256 720 256 0 1 0.2 0 0.05 1000000 0.02 20
b 693 230 739 316 0
g 704 304 704 320 0
w 704 288 672 288 0
w 752 272 720 272 0
w 752 144 720 144 0
R 704 96 704 80 0 0 40 2 0 0 0.5
w 704 160 672 160 0
g 704 176 704 192 0
b 693 102 739 188 0
178 704 128 720 128 0 1 0.2 0.4983290930155373 0.05 1000000 0.02 20
x 837 173 851 176 4 24 T
x -267 -644 39 -641 4 48 2-line-to-4-line
w -640 -176 -368 -176 0
w -640 -176 -640 -336 0
w -640 -336 528 -336 0
w 528 -336 528 -208 0
w 528 -208 672 -208 0
w -640 368 -384 368 0
w -304 320 240 320 0
w 240 320 240 -80 0
w 240 -80 672 -80 0
w -288 -224 80 -224 0
w 80 -224 80 -560 0
w 80 -560 672 -560 0
w 240 -80 240 -432 0
w 240 -432 672 -432 0
w 80 -224 80 160 0
w 80 160 672 160 0
w 544 640 -640 640 0
w -640 640 -640 368 0
w 528 640 528 288 0
w 672 288 528 288 0
w -640 -176 -640 224 0
w -640 224 80 224 0
w 80 224 80 512 0
w 80 512 672 512 0
w 544 640 672 640 0
