$ 1 0.000005 10.20027730826997 50 5 43
178 224 240 336 240 0 1 0.2 0 0.05 1000000 0.02 20
w 336 256 368 256 0
b 181 195 339 329 0
x 226 333 278 336 4 24 relay
g 224 288 224 384 0
R 112 272 48 272 0 0 40 5 0 0 0.5
w 224 272 160 272 0
s 112 272 160 272 0 1 false
R 224 240 224 160 0 0 40 5 0 0 0.5
g 640 192 640 336 0
R 432 224 432 144 0 0 40 5 0 0 0.5
w 576 240 576 192 0
w 432 256 368 256 0
g 432 272 432 368 0
x 434 317 486 320 4 24 relay
b 389 179 547 313 0
162 576 192 640 192 2 default-led 1 0 0 0.01
w 544 240 576 240 0
178 432 224 544 224 0 1 0.2 0.000004999900001999959 0.05 1000000 0.02 20
