$ 1 0.000005 10.20027730826997 50 5 43
s 320 112 384 112 0 1 false
s 320 160 384 160 0 0 false
s 224 144 320 144 0 0 false
s 112 144 224 144 0 0 false
s 112 192 224 192 0 1 false
s 224 192 320 192 0 1 false
s 288 192 384 192 0 1 false
s 112 240 432 240 0 1 false
v 512 320 224 320 0 0 40 5 0 0 0.5
w 224 320 80 320 0
w 80 320 80 192 0
162 464 144 512 144 2 default-led 1 0 0 0.01
w 80 192 112 192 0
w 112 192 112 240 0
w 112 192 112 144 0
w 464 144 464 192 0
w 512 144 512 320 0
x 345 209 393 212 4 12 not\swhite
x 235 178 275 181 4 12 nutured
x 327 86 355 89 4 12 white
x 239 225 267 228 4 12 black
x 240 119 280 122 4 12 nutured
x 141 119 167 122 4 12 male
x 341 137 357 140 4 12 tan
x 138 168 174 171 4 12 female
w 320 144 320 112 0
w 320 144 320 160 0
w 384 144 432 144 0
w 384 144 384 160 0
w 384 144 384 112 0
w 432 144 432 192 0
w 384 192 432 192 0
w 432 192 464 192 0
w 432 240 432 192 0
