$ 1 0.000005 7.619785657297057 21 5 43
178 224 -112 240 -112 0 1 0.2 0.24999999999997224 0.05 1000000 0.02 20
b 213 -138 259 -52 0
g 224 -64 224 -48 0
R 128 -80 64 -80 0 0 40 5 0 0 0.5
w 224 -80 192 -80 0
s 128 -80 192 -80 0 0 false
R 224 -144 224 -160 0 0 40 5 0 0 0.5
w 272 -96 240 -96 0
w 272 32 240 32 0
w 224 48 192 48 0
g 224 64 224 80 0
b 213 -10 259 76 0
178 224 16 240 16 0 1 0.2 0.24999999999997224 0.05 1000000 0.02 20
w 272 -96 272 -16 0
w 272 -16 224 -16 0
w 272 32 288 32 0
w 288 32 288 -32 0
s 128 48 192 48 0 0 false
R 128 48 64 48 0 0 40 5 0 0 0.5
162 304 -32 320 -32 2 default-led 1 0 0 0.01
g 320 -32 336 -32 0
w 288 -32 304 -32 0
b 201 -173 295 105 0
x 223 -191 273 -188 6 24 AND
w 224 -144 224 -112 0
w 224 16 224 -16 0
w 576 32 576 0 0
w 576 -128 576 -96 0
x 575 -175 611 -172 6 24 OR
b 550 -157 644 121 0
w 624 -16 656 -16 0
g 672 -16 688 -16 0
162 656 -16 672 -16 2 default-led 1 0 0 0.01
R 480 64 416 64 0 0 40 5 0 0 0.5
s 480 64 544 64 0 1 false
w 624 48 624 -16 0
w 624 -80 624 -16 0
178 576 32 592 32 0 1 0.2 0 0.05 1000000 0.02 20
b 565 6 611 92 0
g 576 80 576 96 0
w 576 64 544 64 0
w 624 48 592 48 0
w 624 -80 592 -80 0
R 576 -128 576 -144 0 0 40 5 0 0 0.5
s 480 -64 544 -64 0 1 false
w 576 -64 544 -64 0
R 480 -64 416 -64 0 0 40 5 0 0 0.5
g 576 -48 576 -32 0
b 565 -122 611 -36 0
178 576 -96 592 -96 0 1 0.2 0 0.05 1000000 0.02 20
R 576 0 576 -16 0 0 40 5 0 0 0.5
x 440 -74 466 -71 4 12 input
x 446 48 472 51 4 12 input
x 673 -43 706 -40 4 12 output
x 305 -60 338 -57 4 12 output
x 89 22 115 25 4 12 input
x 89 -98 115 -95 4 12 input
x 305 229 338 232 4 12 output
x 104 294 130 297 4 12 input
R 240 368 240 352 0 0 40 5 0 0 0.5
178 240 272 256 272 0 1 0.2 0 0.05 1000000 0.02 20
b 229 246 275 332 0
g 240 320 240 336 0
R 144 304 80 304 0 0 40 5 0 0 0.5
w 240 304 208 304 0
s 144 304 208 304 0 1 false
R 240 240 240 224 0 0 40 5 0 0 0.5
162 288 256 304 256 2 default-led 1 0 0 0.01
g 304 256 320 256 0
w 256 256 288 256 0
x 185 191 305 194 6 24 INVERTER
w 240 240 240 272 0
b 213 214 275 380 0
