$ 1 0.000005 7.619785657297057 21 5 43
178 224 240 240 240 0 1 0.2 0.24999999999997224 0.05 1000000 0.02 20
b 213 214 259 300 0
g 224 288 224 304 0
R 128 272 64 272 0 0 40 5 0 0 0.5
w 224 272 192 272 0
s 128 272 192 272 0 0 false
R 224 208 224 192 0 0 40 5 0 0 0.5
w 272 256 240 256 0
w 272 384 240 384 0
w 224 400 192 400 0
g 224 416 224 432 0
b 213 342 259 428 0
178 224 368 240 368 0 1 0.2 0.24999999999997224 0.05 1000000 0.02 20
w 272 256 272 336 0
w 272 336 224 336 0
w 272 384 288 384 0
w 288 384 288 320 0
s 128 400 192 400 0 0 false
R 128 400 64 400 0 0 40 5 0 0 0.5
162 304 320 320 320 2 default-led 1 0 0 0.01
g 320 320 336 320 0
w 288 320 304 320 0
b 201 179 295 457 0
x 223 161 273 164 6 24 AND
w 224 208 224 240 0
w 224 368 224 336 0
w 576 384 576 352 0
w 576 224 576 256 0
x 575 177 611 180 6 24 OR
b 550 195 644 473 0
w 624 336 656 336 0
g 672 336 688 336 0
162 656 336 672 336 2 default-led 1 0 0 0.01
R 480 416 416 416 0 0 40 5 0 0 0.5
s 480 416 544 416 0 1 false
w 624 400 624 336 0
w 624 272 624 336 0
178 576 384 592 384 0 1 0.2 0 0.05 1000000 0.02 20
b 565 358 611 444 0
g 576 432 576 448 0
w 576 416 544 416 0
w 624 400 592 400 0
w 624 272 592 272 0
R 576 224 576 208 0 0 40 5 0 0 0.5
s 480 288 544 288 0 1 false
w 576 288 544 288 0
R 480 288 416 288 0 0 40 5 0 0 0.5
g 576 304 576 320 0
b 565 230 611 316 0
178 576 256 592 256 0 1 0.2 0 0.05 1000000 0.02 20
R 576 352 576 336 0 0 40 5 0 0 0.5
x 440 278 466 281 4 12 input
x 446 400 472 403 4 12 input
x 673 309 706 312 4 12 output
x 305 292 338 295 4 12 output
x 89 374 115 377 4 12 input
x 89 254 115 257 4 12 input
