$ 1 0.000005 10.20027730826997 50 5 43
196 256 336 368 336 0
R -208 336 -240 336 0 0 40 5 0 0 0.5
R -80 368 -112 368 0 0 40 5 0 0 0.5
162 1120 400 1152 400 2 default-led 1 0 0 0.01
g 1152 400 1168 400 0
s -208 336 -160 336 0 0 false
s -80 368 -32 368 0 0 false
s -80 304 -32 304 0 0 false
s -208 272 -160 272 0 0 false
g 1152 336 1168 336 0
162 1120 336 1152 336 2 default-led 1 0 0 0.01
R -80 304 -112 304 0 0 40 5 0 0 0.5
R -208 272 -240 272 0 0 40 5 0 0 0.5
196 352 272 464 272 0
w 352 272 -160 272 0
w 352 304 240 304 0
w 352 400 1024 400 0
w 448 336 1024 336 0
w 640 208 1024 208 0
w 544 272 1024 272 0
w 544 176 448 176 0
w 544 144 448 144 0
196 544 144 656 144 0
R -208 144 -240 144 0 0 40 5 0 0 0.5
R -80 176 -112 176 0 0 40 5 0 0 0.5
162 1120 208 1152 208 2 default-led 1 0 0 0.01
g 1152 208 1168 208 0
s -208 144 -160 144 0 1 false
s -80 176 -32 176 0 0 false
s -80 240 -32 240 0 1 false
s -208 208 -160 208 0 1 false
g 1152 272 1168 272 0
162 1120 272 1152 272 2 default-led 1 0 0 0.01
R -80 240 -112 240 0 0 40 5 0 0 0.5
R -208 208 -240 208 0 0 40 5 0 0 0.5
196 448 208 560 208 0
w -160 144 448 144 0
w 240 176 448 176 0
w -160 208 448 208 0
w 240 240 448 240 0
162 1120 -112 1152 -112 2 default-led 1 0 0 0.01
g 1152 -112 1168 -112 0
w 240 -16 832 -16 0
w -160 -48 832 -48 0
w 240 -80 832 -80 0
w -160 -112 832 -112 0
196 832 -48 944 -48 0
R -208 -48 -240 -48 0 0 40 5 0 0 0.5
R -80 -16 -112 -16 0 0 40 5 0 0 0.5
162 1120 16 1152 16 2 default-led 1 0 0 0.01
g 1152 16 1168 16 0
s -208 -48 -160 -48 0 1 false
s -80 -16 -32 -16 0 1 false
s -80 -80 -32 -80 0 1 false
s -208 -112 -160 -112 0 1 false
g 1152 -48 1168 -48 0
162 1120 -48 1152 -48 2 default-led 1 0 0 0.01
R -80 -80 -112 -80 0 0 40 5 0 0 0.5
R -208 -112 -240 -112 0 0 40 5 0 0 0.5
196 928 -112 1040 -112 0
w 928 -112 832 -112 0
w 928 -80 832 -80 0
w 928 16 1024 16 0
w 832 80 1024 80 0
w 736 144 1024 144 0
w 736 48 240 48 0
w 736 16 -160 16 0
196 736 16 848 16 0
R -208 16 -240 16 0 0 40 5 0 0 0.5
R -80 48 -112 48 0 0 40 5 0 0 0.5
162 1120 80 1152 80 2 default-led 1 0 0 0.01
g 1152 80 1168 80 0
s -208 16 -160 16 0 0 false
s -80 48 -32 48 0 1 false
s -80 112 -32 112 0 1 false
s -208 80 -160 80 0 1 false
g 1152 144 1168 144 0
162 1120 144 1152 144 2 default-led 1 0 0 0.01
R -80 112 -112 112 0 0 40 5 0 0 0.5
R -208 80 -240 80 0 0 40 5 0 0 0.5
196 640 80 752 80 0
w 640 80 -160 80 0
w 640 112 240 112 0
x 1202 406 1215 409 4 24 1
x 1199 343 1212 346 4 24 2
x 1196 279 1209 282 4 24 4
x 1197 217 1210 220 4 24 8
x 1186 152 1212 155 4 24 16
x 1190 89 1216 92 4 24 32
x 1188 26 1214 29 4 24 64
x 1182 -40 1222 -37 4 24 128
x 1188 -106 1354 -103 4 24 Over/Underflow
w 256 336 -160 336 0
b -272 -272 -149 420 0
b -144 -272 -24 422 0
b -352 320 -24 380 0
b -352 256 -28 315 0
b -352 193 -28 252 0
b -352 2 -28 61 0
b -352 65 -28 124 0
b -352 129 -24 189 0
b -352 -126 -28 -67 0
b -352 -62 -24 -2 0
x -342 -92 -302 -89 4 24 128
x -336 -26 -310 -23 4 24 64
x -334 37 -308 40 4 24 32
x -338 100 -312 103 4 24 16
x -327 165 -314 168 4 24 8
x -328 227 -315 230 4 24 4
x -325 291 -312 294 4 24 2
x -322 354 -309 357 4 24 1
x -263 -243 -151 -240 4 24 Number\sM
x -135 -243 -27 -240 4 24 Number\sS
b 1114 -183 1238 416 0
x 1139 -147 1211 -144 4 24 Output
x 183 -200 681 -197 4 48 8\sBit\sAdder\s/\sSubtractor
w 176 -336 672 -336 0
x -250 -182 -181 -179 4 18 minuend
x -128 -185 -38 -182 4 18 subtrahend
R -640 64 -688 64 0 0 40 5 0 0 0.5
s -640 64 -512 64 0 0 false
154 144 -80 240 -80 0 2 5 5
w 256 368 240 368 0
154 144 -16 240 -16 0 2 5 5
154 144 48 240 48 0 2 5 5
154 144 112 240 112 0 2 5 5
154 144 176 240 176 0 2 0 5
154 144 240 240 240 0 2 5 5
154 144 304 240 304 0 2 0 5
w -32 -80 32 -80 0
w 32 -80 32 -64 0
w 32 -64 144 -64 0
w 32 0 144 0 0
w 32 -16 32 0 0
w -32 -16 32 -16 0
w 32 64 144 64 0
w 32 48 32 64 0
w -32 48 32 48 0
w 32 128 144 128 0
w 32 112 32 128 0
w -32 112 32 112 0
w 32 192 144 192 0
w 32 176 32 192 0
w -32 176 32 176 0
w 32 256 144 256 0
w 32 240 32 256 0
w -32 240 32 240 0
w 32 320 144 320 0
w 32 304 32 320 0
w -32 304 32 304 0
154 144 368 240 368 0 2 0 5
w -32 368 32 368 0
w 32 368 32 384 0
w 32 384 144 384 0
w -512 64 -512 -144 0
w -512 -144 128 -144 0
w -512 64 -512 448 0
w -512 448 256 448 0
w 256 448 256 400 0
154 1024 -128 1120 -128 0 2 0 5
w 1120 -128 1120 -112 0
w 128 -144 1024 -144 0
x -659 27 -570 30 4 24 Subtract
w 1024 -48 1120 -48 0
w 1024 16 1120 16 0
w 1024 80 1120 80 0
w 1024 144 1120 144 0
w 1024 208 1120 208 0
w 1024 272 1120 272 0
w 1024 336 1120 336 0
w 1024 400 1120 400 0
R 96 -96 64 -96 0 0 40 5 0 0 0.5
s 96 -96 144 -96 0 0 false
s 96 -32 144 -32 0 0 false
R 96 -32 64 -32 0 0 40 5 0 0 0.5
s 96 32 144 32 0 0 false
R 96 32 64 32 0 0 40 5 0 0 0.5
s 96 96 144 96 0 0 false
R 96 96 64 96 0 0 40 5 0 0 0.5
s 96 160 144 160 0 0 false
R 96 160 64 160 0 0 40 5 0 0 0.5
s 96 224 144 224 0 0 false
R 96 224 64 224 0 0 40 5 0 0 0.5
s 96 288 144 288 0 0 false
R 96 288 64 288 0 0 40 5 0 0 0.5
s 96 352 144 352 0 0 false
R 96 352 64 352 0 0 40 5 0 0 0.5
b 32 -208 148 421 0
x 46 -165 135 -162 4 24 Subtract
